1 1
1 2
1 3
1 4
1 5
1 6
1 7
1 8
1 9
1 10
1 11
1 12
1 13
1 14
1 15
1 16
1 17
1 18
1 19
1 20
1 21
1 22
1 23
1 24
1 25
1 26
1 27
1 28
1 29
1 30
1 31
1 32
1 33
1 34
1 35
1 36
1 37
1 38
1 39
1 40
1 41
1 42
1 43
1 44
1 45
1 46
1 47
1 48
1 49
1 50
1 51
1 52
1 53
1 54
1 55
1 56
1 57
1 58
1 59
1 60
1 61
1 62
1 63
1 64
1 65
1 66
1 67
1 68
1 69
1 70
1 71
1 72
1 73
1 74
1 75
1 76
1 77
1 78
1 79
1 80
1 81
1 82
1 83
1 84
1 85
1 86
1 87
1 88
1 89
1 90
1 91
1 92
1 93
1 94
1 95
1 96
1 97
1 98
1 99
1 100
1 101
1 102
1 103
1 104
1 105
1 106
1 107
1 108
1 109
1 110
1 111
1 112
1 113
1 114
1 115
1 116
1 117
1 118
1 119
1 120
1 121
1 122
1 123
1 124
1 125
1 126
1 127
1 128
1 129
1 130
1 131
1 132
1 133
1 134
1 135
1 136
1 137
1 138
1 139
1 140
1 141
1 142
1 143
1 144
1 145
1 146
1 147
1 148
1 149
1 150
1 151
1 152
1 153
1 154
1 155
1 156
1 157
1 158
1 159
1 160
1 161
1 162
1 163
1 164
1 165
1 166
1 167
1 168
1 169
1 170
1 171
1 172
1 173
1 174
1 175
1 176
1 177
1 178
1 179
1 180
1 181
1 182
1 183
1 184
1 185
1 186
1 187
1 188
1 189
1 190
1 191
1 192
1 193
1 194
1 195
1 196
1 197
1 198
1 199
1 200
1 201
1 202
1 203
1 204
1 205
1 206
1 207
1 208
1 209
1 210
1 211
1 212
1 213
1 214
1 215
1 216
1 217
1 218
1 219
1 220
1 221
1 222
1 223
1 224
1 225
1 226
1 227
1 228
1 229
1 230
1 231
1 232
1 233
1 234
1 235
1 236
1 237
1 238
1 239
1 240
1 241
1 242
1 243
1 244
1 245
1 246
1 247
1 248
1 249
1 250
1 251
1 252
1 253
1 254
1 255
1 256
1 257
1 258
1 259
1 260
1 261
1 262
1 263
1 264
1 265
1 266
1 267
1 268
1 269
1 270
1 271
1 272
1 273
1 274
1 275
1 276
1 277
1 278
1 279
1 280
1 281
1 282
1 283
1 284
1 285
1 286
1 287
1 288
1 289
1 290
1 291
1 292
1 293
1 294
1 295
1 296
1 297
1 298
1 299
1 300
1 301
1 302
1 303
1 304
1 305
1 306
1 307
1 308
1 309
1 310
1 311
1 312
1 313
1 314
1 315
1 316
1 317
1 318
1 319
1 320
1 321
1 322
1 323
1 324
1 325
1 326
1 327
1 328
1 329
1 330
1 331
1 332
1 333
1 334
1 335
1 336
1 337
1 338
1 339
1 340
1 341
1 342
1 343
1 344
1 345
1 346
1 347
1 348
1 349
1 350
1 351
1 352
1 353
1 354
1 355
1 356
1 357
1 358
1 359
1 360
1 361
1 362
1 363
1 364
1 365
1 366
1 367
1 368
1 369
1 370
1 371
1 372
1 373
1 374
1 375
1 376
1 377
1 378
1 379
1 380
1 381
1 382
1 383
1 384
1 385
1 386
1 387
1 388
1 389
1 390
1 391
1 392
1 393
1 394
1 395
1 396
1 397
1 398
1 399
1 400
1 401
1 402
1 403
1 404
1 405
1 406
1 407
1 408
1 409
1 410
1 411
1 412
1 413
1 414
1 415
1 416
1 417
1 418
1 419
1 420
1 421
1 422
1 423
1 424
1 425
1 426
1 427
1 428
1 429
1 430
1 431
1 432
1 433
1 434
1 435
1 436
1 437
1 438
1 439
1 440
1 441
1 442
1 443
1 444
1 445
1 446
1 447
1 448
1 449
1 450
1 451
1 452
1 453
1 454
1 455
1 456
1 457
1 458
1 459
1 460
1 461
1 462
1 463
1 464
1 465
1 466
1 467
1 468
1 469
1 470
1 471
1 472
1 473
1 474
1 475
1 476
1 477
1 478
1 479
1 480
1 481
1 482
1 483
1 484
1 485
1 486
17 503
17 520
17 537
1 538
17 555
17 572
17 589
1 590
17 607
17 624
17 641
1 642
17 659
17 676
17 693
1 694
17 711
17 728
17 745
1 746
17 763
17 780
17 797
1 798
17 815
17 832
17 849
1 850
17 867
17 884
17 901
1 902
17 919
17 936
17 953
1 954
17 971
17 988
17 1005
1 1006
1 1007
2 1009
1 1010
1 1011
17 1028
17 1045
17 1062
2 1064
17 1081
17 1098
17 1115
6 1121
17 1138
17 1155
17 1172
6 1178
17 1195
17 1212
17 1229
6 1235
17 1252
17 1269
17 1286
6 1292
17 1309
17 1326
17 1343
6 1349
17 1366
17 1383
17 1400
6 1406
17 1423
17 1440
17 1457
6 1463
17 1480
17 1497
17 1514
6 1520
17 1537
17 1554
17 1571
2 1573
1 1574
2 1576
1 1577
1 1578
17 1595
17 1612
17 1629
2 1631
17 1648
17 1665
17 1682
6 1688
17 1705
17 1722
17 1739
6 1745
17 1762
17 1779
17 1796
6 1802
17 1819
17 1836
17 1853
6 1859
17 1876
17 1893
17 1910
6 1916
17 1933
17 1950
17 1967
6 1973
17 1990
17 2007
17 2024
6 2030
17 2047
17 2064
17 2081
6 2087
17 2104
17 2121
17 2138
2 2140
1 2141
2 2143
1 2144
1 2145
17 2162
17 2179
17 2196
2 2198
17 2215
17 2232
17 2249
6 2255
17 2272
17 2289
17 2306
6 2312
17 2329
17 2346
17 2363
6 2369
17 2386
17 2403
17 2420
6 2426
17 2443
17 2460
17 2477
6 2483
17 2500
17 2517
17 2534
6 2540
17 2557
17 2574
17 2591
6 2597
17 2614
17 2631
17 2648
6 2654
17 2671
17 2688
17 2705
2 2707
1 2708
2 2710
1 2711
1 2712
17 2729
17 2746
17 2763
2 2765
17 2782
17 2799
17 2816
6 2822
17 2839
17 2856
17 2873
6 2879
17 2896
17 2913
17 2930
6 2936
17 2953
17 2970
17 2987
6 2993
17 3010
17 3027
17 3044
6 3050
17 3067
17 3084
17 3101
6 3107
17 3124
17 3141
17 3158
6 3164
17 3181
17 3198
17 3215
6 3221
17 3238
17 3255
17 3272
2 3274
1 3275
2 3277
1 3278
1 3279
17 3296
17 3313
17 3330
2 3332
17 3349
17 3366
17 3383
6 3389
17 3406
17 3423
17 3440
6 3446
17 3463
17 3480
17 3497
6 3503
17 3520
17 3537
17 3554
6 3560
17 3577
17 3594
17 3611
6 3617
17 3634
17 3651
17 3668
6 3674
17 3691
17 3708
17 3725
6 3731
17 3748
17 3765
17 3782
6 3788
17 3805
17 3822
17 3839
2 3841
1 3842
2 3844
1 3845
1 3846
17 3863
17 3880
17 3897
2 3899
17 3916
17 3933
17 3950
6 3956
17 3973
17 3990
17 4007
6 4013
17 4030
17 4047
17 4064
6 4070
17 4087
17 4104
17 4121
6 4127
17 4144
17 4161
17 4178
6 4184
17 4201
17 4218
17 4235
6 4241
17 4258
17 4275
17 4292
6 4298
17 4315
17 4332
17 4349
6 4355
17 4372
17 4389
17 4406
2 4408
1 4409
2 4411
1 4412
1 4413
17 4430
17 4447
17 4464
2 4466
17 4483
17 4500
17 4517
6 4523
17 4540
17 4557
17 4574
6 4580
17 4597
17 4614
17 4631
6 4637
17 4654
17 4671
17 4688
6 4694
17 4711
17 4728
17 4745
6 4751
17 4768
17 4785
17 4802
6 4808
17 4825
17 4842
17 4859
6 4865
17 4882
17 4899
17 4916
6 4922
17 4939
17 4956
17 4973
2 4975
1 4976
2 4978
1 4979
1 4980
17 4997
17 5014
17 5031
2 5033
17 5050
17 5067
17 5084
6 5090
17 5107
17 5124
17 5141
6 5147
17 5164
17 5181
17 5198
6 5204
17 5221
17 5238
17 5255
6 5261
17 5278
17 5295
17 5312
6 5318
17 5335
17 5352
17 5369
6 5375
17 5392
17 5409
17 5426
6 5432
17 5449
17 5466
17 5483
6 5489
17 5506
17 5523
17 5540
2 5542
1 5543
2 5545
1 5546
1 5547
17 5564
17 5581
17 5598
2 5600
17 5617
17 5634
17 5651
6 5657
17 5674
17 5691
17 5708
6 5714
17 5731
17 5748
17 5765
6 5771
17 5788
17 5805
17 5822
6 5828
17 5845
17 5862
17 5879
6 5885
17 5902
17 5919
17 5936
6 5942
17 5959
17 5976
17 5993
6 5999
17 6016
17 6033
17 6050
6 6056
17 6073
17 6090
17 6107
2 6109
1 6110
2 6112
1 6113
1 6114
2 6116
1 6117
1 6118
2 6120
2 6122
1 6123
1 6124
6 6130
2 6132
1 6133
1 6134
6 6140
2 6142
1 6143
1 6144
6 6150
2 6152
1 6153
1 6154
6 6160
2 6162
1 6163
1 6164
6 6170
2 6172
1 6173
1 6174
6 6180
2 6182
1 6183
1 6184
6 6190
2 6192
1 6193
1 6194
6 6200
2 6202
1 6203
1 6204
2 6206
1 6207
1 6208
1 6209
1 6210
17 6227
17 6244
17 6261
1 6262
17 6279
17 6296
17 6313
1 6314
17 6331
17 6348
17 6365
1 6366
17 6383
17 6400
17 6417
1 6418
17 6435
17 6452
17 6469
1 6470
17 6487
17 6504
17 6521
1 6522
17 6539
17 6556
17 6573
1 6574
17 6591
17 6608
17 6625
1 6626
17 6643
17 6660
17 6677
1 6678
17 6695
17 6712
17 6729
1 6730
1 6731
2 6733
1 6734
1 6735
17 6752
17 6769
17 6786
6 6792
17 6809
17 6826
17 6843
6 6849
17 6866
17 6883
17 6900
6 6906
17 6923
17 6940
17 6957
6 6963
17 6980
17 6997
17 7014
6 7020
17 7037
17 7054
17 7071
6 7077
17 7094
17 7111
17 7128
6 7134
17 7151
17 7168
17 7185
6 7191
17 7208
17 7225
17 7242
6 7248
17 7265
17 7282
17 7299
6 7305
1 7306
2 7308
1 7309
1 7310
17 7327
17 7344
17 7361
6 7367
17 7384
17 7401
17 7418
1 7419
17 7436
17 7453
17 7470
6 7476
17 7493
17 7510
17 7527
6 7533
17 7550
17 7567
17 7584
6 7590
17 7607
17 7624
17 7641
6 7647
17 7664
17 7681
17 7698
6 7704
17 7721
17 7738
17 7755
6 7761
17 7778
17 7795
17 7812
6 7818
17 7835
17 7852
17 7869
6 7875
1 7876
2 7878
1 7879
1 7880
17 7897
17 7914
17 7931
6 7937
17 7954
17 7971
17 7988
6 7994
17 8011
17 8028
17 8045
6 8051
17 8068
17 8085
17 8102
6 8108
17 8125
17 8142
17 8159
6 8165
17 8182
17 8199
17 8216
6 8222
17 8239
17 8256
17 8273
6 8279
17 8296
17 8313
17 8330
6 8336
17 8353
17 8370
17 8387
6 8393
17 8410
17 8427
17 8444
6 8450
1 8451
2 8453
1 8454
1 8455
17 8472
17 8489
17 8506
6 8512
17 8529
17 8546
17 8563
6 8569
17 8586
17 8603
17 8620
6 8626
17 8643
17 8660
17 8677
6 8683
17 8700
17 8717
17 8734
6 8740
17 8757
17 8774
17 8791
6 8797
17 8814
17 8831
17 8848
6 8854
17 8871
17 8888
17 8905
6 8911
17 8928
17 8945
17 8962
6 8968
17 8985
17 9002
17 9019
6 9025
1 9026
2 9028
1 9029
1 9030
17 9047
17 9064
17 9081
6 9087
17 9104
17 9121
17 9138
6 9144
17 9161
17 9178
17 9195
6 9201
17 9218
17 9235
17 9252
6 9258
17 9275
17 9292
17 9309
6 9315
17 9332
17 9349
17 9366
6 9372
17 9389
17 9406
17 9423
6 9429
17 9446
17 9463
17 9480
6 9486
17 9503
17 9520
17 9537
6 9543
17 9560
17 9577
17 9594
6 9600
1 9601
2 9603
1 9604
1 9605
17 9622
17 9639
17 9656
6 9662
17 9679
17 9696
17 9713
6 9719
17 9736
17 9753
17 9770
6 9776
17 9793
17 9810
17 9827
6 9833
17 9850
17 9867
17 9884
6 9890
17 9907
17 9924
17 9941
6 9947
17 9964
17 9981
17 9998
6 10004
17 10021
17 10038
17 10055
6 10061
17 10078
17 10095
17 10112
6 10118
17 10135
17 10152
17 10169
6 10175
1 10176
2 10178
1 10179
1 10180
17 10197
17 10214
17 10231
6 10237
17 10254
17 10271
17 10288
6 10294
17 10311
17 10328
17 10345
6 10351
17 10368
17 10385
17 10402
6 10408
17 10425
17 10442
17 10459
6 10465
17 10482
17 10499
17 10516
6 10522
17 10539
17 10556
17 10573
6 10579
17 10596
17 10613
17 10630
6 10636
17 10653
17 10670
17 10687
6 10693
17 10710
17 10727
17 10744
6 10750
1 10751
2 10753
1 10754
1 10755
17 10772
17 10789
17 10806
6 10812
17 10829
17 10846
17 10863
6 10869
17 10886
17 10903
17 10920
6 10926
17 10943
17 10960
17 10977
6 10983
17 11000
17 11017
17 11034
6 11040
17 11057
17 11074
17 11091
6 11097
17 11114
17 11131
17 11148
6 11154
17 11171
17 11188
17 11205
6 11211
17 11228
17 11245
17 11262
6 11268
17 11285
17 11302
17 11319
6 11325
1 11326
2 11328
1 11329
1 11330
17 11347
17 11364
17 11381
6 11387
17 11404
17 11421
17 11438
6 11444
17 11461
17 11478
17 11495
6 11501
17 11518
17 11535
17 11552
6 11558
17 11575
17 11592
17 11609
6 11615
17 11632
17 11649
17 11666
6 11672
17 11689
17 11706
17 11723
6 11729
17 11746
17 11763
17 11780
6 11786
17 11803
17 11820
17 11837
6 11843
17 11860
17 11877
17 11894
6 11900
1 11901
2 11903
1 11904
1 11905
2 11907
1 11908
1 11909
6 11915
2 11917
1 11918
1 11919
6 11925
2 11927
1 11928
1 11929
6 11935
2 11937
1 11938
1 11939
6 11945
2 11947
1 11948
1 11949
6 11955
2 11957
1 11958
1 11959
6 11965
2 11967
1 11968
1 11969
6 11975
2 11977
1 11978
1 11979
6 11985
2 11987
1 11988
1 11989
6 11995
2 11997
1 11998
1 11999
6 12005
1 12006
1 12007
1 12008
1 12009
17 12026
17 12043
17 12060
1 12061
17 12078
17 12095
17 12112
1 12113
17 12130
17 12147
17 12164
1 12165
17 12182
17 12199
17 12216
1 12217
17 12234
17 12251
17 12268
1 12269
17 12286
17 12303
17 12320
1 12321
17 12338
17 12355
17 12372
1 12373
17 12390
17 12407
17 12424
1 12425
17 12442
17 12459
17 12476
1 12477
17 12494
17 12511
17 12528
1 12529
1 12530
2 12532
1 12533
1 12534
17 12551
17 12568
17 12585
6 12591
17 12608
17 12625
17 12642
6 12648
17 12665
17 12682
17 12699
6 12705
17 12722
17 12739
17 12756
6 12762
17 12779
17 12796
17 12813
6 12819
17 12836
17 12853
17 12870
6 12876
17 12893
17 12910
17 12927
6 12933
17 12950
17 12967
17 12984
6 12990
17 13007
17 13024
17 13041
6 13047
17 13064
17 13081
17 13098
6 13104
1 13105
2 13107
1 13108
1 13109
17 13126
17 13143
17 13160
6 13166
17 13183
17 13200
17 13217
6 13223
17 13240
17 13257
17 13274
6 13280
17 13297
17 13314
17 13331
6 13337
17 13354
17 13371
17 13388
6 13394
17 13411
17 13428
17 13445
6 13451
17 13468
17 13485
17 13502
6 13508
17 13525
17 13542
17 13559
6 13565
17 13582
17 13599
17 13616
6 13622
17 13639
17 13656
17 13673
6 13679
1 13680
2 13682
1 13683
1 13684
17 13701
17 13718
17 13735
6 13741
17 13758
17 13775
17 13792
6 13798
17 13815
17 13832
17 13849
6 13855
17 13872
17 13889
17 13906
6 13912
17 13929
17 13946
17 13963
6 13969
17 13986
17 14003
17 14020
6 14026
17 14043
17 14060
17 14077
6 14083
17 14100
17 14117
17 14134
6 14140
17 14157
17 14174
17 14191
6 14197
17 14214
17 14231
17 14248
6 14254
1 14255
2 14257
1 14258
1 14259
17 14276
17 14293
17 14310
6 14316
17 14333
17 14350
17 14367
6 14373
17 14390
17 14407
17 14424
6 14430
17 14447
17 14464
17 14481
6 14487
17 14504
17 14521
17 14538
6 14544
17 14561
17 14578
17 14595
6 14601
17 14618
17 14635
17 14652
6 14658
17 14675
17 14692
17 14709
6 14715
17 14732
17 14749
17 14766
6 14772
17 14789
17 14806
17 14823
6 14829
1 14830
2 14832
1 14833
1 14834
17 14851
17 14868
17 14885
6 14891
17 14908
17 14925
17 14942
6 14948
17 14965
17 14982
17 14999
6 15005
17 15022
17 15039
17 15056
6 15062
17 15079
17 15096
17 15113
6 15119
17 15136
17 15153
17 15170
6 15176
17 15193
17 15210
17 15227
6 15233
17 15250
17 15267
17 15284
6 15290
17 15307
17 15324
17 15341
6 15347
17 15364
17 15381
17 15398
6 15404
1 15405
2 15407
1 15408
1 15409
17 15426
17 15443
17 15460
6 15466
17 15483
17 15500
17 15517
6 15523
17 15540
17 15557
17 15574
6 15580
17 15597
17 15614
17 15631
6 15637
17 15654
17 15671
17 15688
6 15694
17 15711
17 15728
17 15745
6 15751
17 15768
17 15785
17 15802
6 15808
17 15825
17 15842
17 15859
6 15865
17 15882
17 15899
17 15916
6 15922
17 15939
17 15956
17 15973
6 15979
1 15980
2 15982
1 15983
1 15984
17 16001
17 16018
17 16035
6 16041
17 16058
17 16075
17 16092
6 16098
17 16115
17 16132
17 16149
6 16155
17 16172
17 16189
17 16206
6 16212
17 16229
17 16246
17 16263
6 16269
17 16286
17 16303
17 16320
6 16326
17 16343
17 16360
17 16377
6 16383
17 16400
17 16417
17 16434
6 16440
17 16457
17 16474
17 16491
6 16497
17 16514
17 16531
17 16548
6 16554
1 16555
2 16557
1 16558
1 16559
17 16576
17 16593
17 16610
6 16616
17 16633
17 16650
17 16667
6 16673
17 16690
17 16707
17 16724
6 16730
17 16747
17 16764
17 16781
6 16787
17 16804
17 16821
17 16838
6 16844
17 16861
17 16878
17 16895
6 16901
17 16918
17 16935
17 16952
6 16958
17 16975
17 16992
17 17009
6 17015
17 17032
17 17049
17 17066
6 17072
17 17089
17 17106
17 17123
6 17129
1 17130
2 17132
1 17133
1 17134
17 17151
17 17168
17 17185
6 17191
17 17208
17 17225
17 17242
6 17248
17 17265
17 17282
17 17299
6 17305
17 17322
17 17339
17 17356
6 17362
17 17379
17 17396
17 17413
6 17419
17 17436
17 17453
17 17470
6 17476
17 17493
17 17510
17 17527
6 17533
17 17550
17 17567
17 17584
6 17590
17 17607
17 17624
17 17641
6 17647
17 17664
17 17681
17 17698
6 17704
1 17705
2 17707
1 17708
1 17709
2 17711
1 17712
1 17713
6 17719
2 17721
1 17722
1 17723
6 17729
2 17731
1 17732
1 17733
6 17739
2 17741
1 17742
1 17743
6 17749
2 17751
1 17752
1 17753
6 17759
2 17761
1 17762
1 17763
6 17769
2 17771
1 17772
1 17773
6 17779
2 17781
1 17782
1 17783
6 17789
2 17791
1 17792
1 17793
6 17799
2 17801
1 17802
1 17803
6 17809
1 17810
1 17811
1 17812
1 17813
17 17830
17 17847
17 17864
1 17865
17 17882
17 17899
17 17916
1 17917
17 17934
17 17951
17 17968
1 17969
17 17986
17 18003
17 18020
1 18021
17 18038
17 18055
17 18072
1 18073
17 18090
17 18107
17 18124
1 18125
17 18142
17 18159
17 18176
1 18177
17 18194
17 18211
17 18228
1 18229
17 18246
17 18263
17 18280
1 18281
17 18298
17 18315
17 18332
1 18333
1 18334
2 18336
1 18337
1 18338
17 18355
17 18372
17 18389
6 18395
17 18412
17 18429
17 18446
6 18452
17 18469
17 18486
17 18503
6 18509
17 18526
17 18543
17 18560
6 18566
17 18583
17 18600
17 18617
6 18623
17 18640
17 18657
17 18674
6 18680
17 18697
17 18714
17 18731
6 18737
17 18754
17 18771
17 18788
6 18794
17 18811
17 18828
17 18845
6 18851
17 18868
17 18885
17 18902
6 18908
1 18909
2 18911
1 18912
1 18913
17 18930
17 18947
17 18964
6 18970
17 18987
17 19004
17 19021
6 19027
17 19044
17 19061
17 19078
6 19084
17 19101
17 19118
17 19135
6 19141
17 19158
17 19175
17 19192
6 19198
17 19215
17 19232
17 19249
6 19255
17 19272
17 19289
17 19306
6 19312
17 19329
17 19346
17 19363
6 19369
17 19386
17 19403
17 19420
6 19426
17 19443
17 19460
17 19477
6 19483
1 19484
2 19486
1 19487
1 19488
17 19505
17 19522
17 19539
6 19545
17 19562
17 19579
17 19596
6 19602
17 19619
17 19636
17 19653
6 19659
17 19676
17 19693
17 19710
6 19716
17 19733
17 19750
17 19767
6 19773
17 19790
17 19807
17 19824
6 19830
17 19847
17 19864
17 19881
6 19887
17 19904
17 19921
17 19938
6 19944
17 19961
17 19978
17 19995
6 20001
17 20018
17 20035
17 20052
6 20058
1 20059
2 20061
1 20062
1 20063
17 20080
17 20097
17 20114
6 20120
17 20137
17 20154
17 20171
6 20177
17 20194
17 20211
17 20228
6 20234
17 20251
17 20268
17 20285
6 20291
17 20308
17 20325
17 20342
6 20348
17 20365
17 20382
17 20399
6 20405
17 20422
17 20439
17 20456
6 20462
17 20479
17 20496
17 20513
6 20519
17 20536
17 20553
17 20570
6 20576
17 20593
17 20610
17 20627
6 20633
1 20634
2 20636
1 20637
1 20638
17 20655
17 20672
17 20689
6 20695
17 20712
17 20729
17 20746
6 20752
17 20769
17 20786
17 20803
6 20809
17 20826
17 20843
17 20860
6 20866
17 20883
17 20900
17 20917
6 20923
17 20940
17 20957
17 20974
6 20980
17 20997
17 21014
17 21031
6 21037
17 21054
17 21071
17 21088
6 21094
17 21111
17 21128
17 21145
6 21151
17 21168
17 21185
17 21202
6 21208
1 21209
2 21211
1 21212
1 21213
17 21230
17 21247
17 21264
6 21270
17 21287
17 21304
17 21321
6 21327
17 21344
17 21361
17 21378
6 21384
17 21401
17 21418
17 21435
6 21441
17 21458
17 21475
17 21492
6 21498
17 21515
17 21532
17 21549
6 21555
17 21572
17 21589
17 21606
6 21612
17 21629
17 21646
17 21663
6 21669
17 21686
17 21703
17 21720
6 21726
17 21743
17 21760
17 21777
6 21783
1 21784
2 21786
1 21787
1 21788
17 21805
17 21822
17 21839
6 21845
17 21862
17 21879
17 21896
6 21902
17 21919
17 21936
17 21953
6 21959
17 21976
17 21993
17 22010
6 22016
17 22033
17 22050
17 22067
6 22073
17 22090
17 22107
17 22124
6 22130
17 22147
17 22164
17 22181
6 22187
17 22204
17 22221
17 22238
6 22244
17 22261
17 22278
17 22295
6 22301
17 22318
17 22335
17 22352
6 22358
1 22359
2 22361
1 22362
1 22363
17 22380
17 22397
17 22414
6 22420
17 22437
17 22454
17 22471
6 22477
17 22494
17 22511
17 22528
6 22534
17 22551
17 22568
17 22585
6 22591
17 22608
17 22625
17 22642
6 22648
17 22665
17 22682
17 22699
6 22705
17 22722
17 22739
17 22756
6 22762
17 22779
17 22796
17 22813
6 22819
17 22836
17 22853
17 22870
6 22876
17 22893
17 22910
17 22927
6 22933
1 22934
2 22936
1 22937
1 22938
17 22955
17 22972
17 22989
6 22995
17 23012
17 23029
17 23046
6 23052
17 23069
17 23086
17 23103
6 23109
17 23126
17 23143
17 23160
6 23166
17 23183
17 23200
17 23217
6 23223
17 23240
17 23257
17 23274
6 23280
17 23297
17 23314
17 23331
6 23337
17 23354
17 23371
17 23388
6 23394
17 23411
17 23428
17 23445
6 23451
17 23468
17 23485
17 23502
6 23508
1 23509
2 23511
1 23512
1 23513
2 23515
1 23516
1 23517
6 23523
2 23525
1 23526
1 23527
6 23533
2 23535
1 23536
1 23537
6 23543
2 23545
1 23546
1 23547
6 23553
2 23555
1 23556
1 23557
6 23563
2 23565
1 23566
1 23567
6 23573
2 23575
1 23576
1 23577
6 23583
2 23585
1 23586
1 23587
6 23593
2 23595
1 23596
1 23597
6 23603
2 23605
1 23606
1 23607
6 23613
1 23614
1 23615
1 23616
1 23617
17 23634
17 23651
17 23668
1 23669
17 23686
17 23703
17 23720
1 23721
17 23738
17 23755
17 23772
1 23773
17 23790
17 23807
17 23824
1 23825
17 23842
17 23859
17 23876
1 23877
17 23894
17 23911
17 23928
1 23929
17 23946
17 23963
17 23980
1 23981
17 23998
17 24015
17 24032
1 24033
17 24050
17 24067
17 24084
1 24085
17 24102
17 24119
17 24136
1 24137
1 24138
2 24140
1 24141
1 24142
17 24159
17 24176
17 24193
6 24199
17 24216
17 24233
17 24250
6 24256
17 24273
17 24290
17 24307
6 24313
17 24330
17 24347
17 24364
6 24370
17 24387
17 24404
17 24421
6 24427
17 24444
17 24461
17 24478
6 24484
17 24501
17 24518
17 24535
6 24541
17 24558
17 24575
17 24592
6 24598
17 24615
17 24632
17 24649
6 24655
17 24672
17 24689
17 24706
6 24712
1 24713
2 24715
1 24716
1 24717
17 24734
17 24751
17 24768
6 24774
17 24791
17 24808
17 24825
6 24831
17 24848
17 24865
17 24882
6 24888
17 24905
17 24922
17 24939
6 24945
17 24962
17 24979
17 24996
6 25002
17 25019
17 25036
17 25053
6 25059
17 25076
17 25093
17 25110
6 25116
17 25133
17 25150
17 25167
6 25173
17 25190
17 25207
17 25224
6 25230
17 25247
17 25264
17 25281
6 25287
1 25288
2 25290
1 25291
1 25292
17 25309
17 25326
17 25343
6 25349
17 25366
17 25383
17 25400
6 25406
17 25423
17 25440
17 25457
6 25463
17 25480
17 25497
17 25514
6 25520
17 25537
17 25554
17 25571
6 25577
17 25594
17 25611
17 25628
6 25634
17 25651
17 25668
17 25685
6 25691
17 25708
17 25725
17 25742
6 25748
17 25765
17 25782
17 25799
6 25805
17 25822
17 25839
17 25856
6 25862
1 25863
2 25865
1 25866
1 25867
17 25884
17 25901
17 25918
6 25924
17 25941
17 25958
17 25975
6 25981
17 25998
17 26015
17 26032
6 26038
17 26055
17 26072
17 26089
6 26095
17 26112
17 26129
17 26146
6 26152
17 26169
17 26186
17 26203
6 26209
17 26226
17 26243
17 26260
6 26266
17 26283
17 26300
17 26317
6 26323
17 26340
17 26357
17 26374
6 26380
17 26397
17 26414
17 26431
6 26437
1 26438
2 26440
1 26441
1 26442
17 26459
17 26476
17 26493
6 26499
17 26516
17 26533
17 26550
6 26556
17 26573
17 26590
17 26607
6 26613
17 26630
17 26647
17 26664
6 26670
17 26687
17 26704
17 26721
6 26727
17 26744
17 26761
17 26778
6 26784
17 26801
17 26818
17 26835
6 26841
17 26858
17 26875
17 26892
6 26898
17 26915
17 26932
17 26949
6 26955
17 26972
17 26989
17 27006
6 27012
1 27013
2 27015
1 27016
1 27017
17 27034
17 27051
17 27068
6 27074
17 27091
17 27108
17 27125
6 27131
17 27148
17 27165
17 27182
6 27188
17 27205
17 27222
17 27239
6 27245
17 27262
17 27279
17 27296
6 27302
17 27319
17 27336
17 27353
6 27359
17 27376
17 27393
17 27410
6 27416
17 27433
17 27450
17 27467
6 27473
17 27490
17 27507
17 27524
6 27530
17 27547
17 27564
17 27581
6 27587
1 27588
2 27590
1 27591
1 27592
17 27609
17 27626
17 27643
6 27649
17 27666
17 27683
17 27700
6 27706
17 27723
17 27740
17 27757
6 27763
17 27780
17 27797
17 27814
6 27820
17 27837
17 27854
17 27871
6 27877
17 27894
17 27911
17 27928
6 27934
17 27951
17 27968
17 27985
6 27991
17 28008
17 28025
17 28042
6 28048
17 28065
17 28082
17 28099
6 28105
17 28122
17 28139
17 28156
6 28162
1 28163
2 28165
1 28166
1 28167
17 28184
17 28201
17 28218
6 28224
17 28241
17 28258
17 28275
6 28281
17 28298
17 28315
17 28332
6 28338
17 28355
17 28372
17 28389
6 28395
17 28412
17 28429
17 28446
6 28452
17 28469
17 28486
17 28503
6 28509
17 28526
17 28543
17 28560
6 28566
17 28583
17 28600
17 28617
6 28623
17 28640
17 28657
17 28674
6 28680
17 28697
17 28714
17 28731
6 28737
1 28738
2 28740
1 28741
1 28742
17 28759
17 28776
17 28793
6 28799
17 28816
17 28833
17 28850
6 28856
17 28873
17 28890
17 28907
6 28913
17 28930
17 28947
17 28964
6 28970
17 28987
17 29004
17 29021
6 29027
17 29044
17 29061
17 29078
6 29084
17 29101
17 29118
17 29135
6 29141
17 29158
17 29175
17 29192
6 29198
17 29215
17 29232
17 29249
6 29255
17 29272
17 29289
17 29306
6 29312
1 29313
2 29315
1 29316
1 29317
2 29319
1 29320
1 29321
6 29327
2 29329
1 29330
1 29331
6 29337
2 29339
1 29340
1 29341
6 29347
2 29349
1 29350
1 29351
6 29357
2 29359
1 29360
1 29361
6 29367
2 29369
1 29370
1 29371
6 29377
2 29379
1 29380
1 29381
6 29387
2 29389
1 29390
1 29391
6 29397
2 29399
1 29400
1 29401
6 29407
2 29409
1 29410
1 29411
6 29417
1 29418
1 29419
1 29420
1 29421
17 29438
17 29455
17 29472
1 29473
17 29490
17 29507
17 29524
1 29525
17 29542
17 29559
17 29576
1 29577
17 29594
17 29611
17 29628
1 29629
17 29646
17 29663
17 29680
1 29681
17 29698
17 29715
17 29732
1 29733
17 29750
17 29767
17 29784
1 29785
17 29802
17 29819
17 29836
1 29837
17 29854
17 29871
17 29888
1 29889
17 29906
17 29923
17 29940
1 29941
1 29942
2 29944
1 29945
1 29946
17 29963
17 29980
17 29997
6 30003
17 30020
17 30037
17 30054
6 30060
17 30077
17 30094
17 30111
6 30117
17 30134
17 30151
17 30168
6 30174
17 30191
17 30208
17 30225
6 30231
17 30248
17 30265
17 30282
6 30288
17 30305
17 30322
17 30339
6 30345
17 30362
17 30379
17 30396
6 30402
17 30419
17 30436
17 30453
6 30459
17 30476
17 30493
17 30510
6 30516
1 30517
2 30519
1 30520
1 30521
17 30538
17 30555
17 30572
6 30578
17 30595
17 30612
17 30629
6 30635
17 30652
17 30669
17 30686
6 30692
17 30709
17 30726
17 30743
6 30749
17 30766
17 30783
17 30800
6 30806
17 30823
17 30840
17 30857
6 30863
17 30880
17 30897
17 30914
6 30920
17 30937
17 30954
17 30971
6 30977
17 30994
17 31011
17 31028
6 31034
17 31051
17 31068
17 31085
6 31091
1 31092
2 31094
1 31095
1 31096
17 31113
17 31130
17 31147
6 31153
17 31170
17 31187
17 31204
6 31210
17 31227
17 31244
17 31261
6 31267
17 31284
17 31301
17 31318
6 31324
17 31341
17 31358
17 31375
6 31381
17 31398
17 31415
17 31432
6 31438
17 31455
17 31472
17 31489
6 31495
17 31512
17 31529
17 31546
6 31552
17 31569
17 31586
17 31603
6 31609
17 31626
17 31643
17 31660
6 31666
1 31667
2 31669
1 31670
1 31671
17 31688
17 31705
17 31722
6 31728
17 31745
17 31762
17 31779
6 31785
17 31802
17 31819
17 31836
6 31842
17 31859
17 31876
17 31893
6 31899
17 31916
17 31933
17 31950
6 31956
17 31973
17 31990
17 32007
6 32013
17 32030
17 32047
17 32064
6 32070
17 32087
17 32104
17 32121
6 32127
17 32144
17 32161
17 32178
6 32184
17 32201
17 32218
17 32235
6 32241
1 32242
2 32244
1 32245
1 32246
17 32263
17 32280
17 32297
6 32303
17 32320
17 32337
17 32354
6 32360
17 32377
17 32394
17 32411
6 32417
17 32434
17 32451
17 32468
6 32474
17 32491
17 32508
17 32525
6 32531
17 32548
17 32565
17 32582
6 32588
17 32605
17 32622
17 32639
6 32645
17 32662
17 32679
17 32696
6 32702
17 32719
17 32736
17 32753
6 32759
17 32776
17 32793
17 32810
6 32816
1 32817
2 32819
1 32820
1 32821
17 32838
17 32855
17 32872
6 32878
17 32895
17 32912
17 32929
6 32935
17 32952
17 32969
17 32986
6 32992
17 33009
17 33026
17 33043
6 33049
17 33066
17 33083
17 33100
6 33106
17 33123
17 33140
17 33157
6 33163
17 33180
17 33197
17 33214
6 33220
17 33237
17 33254
17 33271
6 33277
17 33294
17 33311
17 33328
6 33334
17 33351
17 33368
17 33385
6 33391
1 33392
2 33394
1 33395
1 33396
17 33413
17 33430
17 33447
6 33453
17 33470
17 33487
17 33504
6 33510
17 33527
17 33544
17 33561
6 33567
17 33584
17 33601
17 33618
6 33624
17 33641
17 33658
17 33675
6 33681
17 33698
17 33715
17 33732
6 33738
17 33755
17 33772
17 33789
6 33795
17 33812
17 33829
17 33846
6 33852
17 33869
17 33886
17 33903
6 33909
17 33926
17 33943
17 33960
6 33966
1 33967
2 33969
1 33970
1 33971
17 33988
17 34005
17 34022
6 34028
17 34045
17 34062
17 34079
6 34085
17 34102
17 34119
17 34136
6 34142
17 34159
17 34176
17 34193
6 34199
17 34216
17 34233
17 34250
6 34256
17 34273
17 34290
17 34307
6 34313
17 34330
17 34347
17 34364
6 34370
17 34387
17 34404
17 34421
6 34427
17 34444
17 34461
17 34478
6 34484
17 34501
17 34518
17 34535
6 34541
1 34542
2 34544
1 34545
1 34546
17 34563
17 34580
17 34597
6 34603
17 34620
17 34637
17 34654
6 34660
17 34677
17 34694
17 34711
6 34717
17 34734
17 34751
17 34768
6 34774
17 34791
17 34808
17 34825
6 34831
17 34848
17 34865
17 34882
6 34888
17 34905
17 34922
17 34939
6 34945
17 34962
17 34979
17 34996
6 35002
17 35019
17 35036
17 35053
6 35059
17 35076
17 35093
17 35110
6 35116
1 35117
2 35119
1 35120
1 35121
2 35123
1 35124
1 35125
6 35131
2 35133
1 35134
1 35135
6 35141
2 35143
1 35144
1 35145
6 35151
2 35153
1 35154
1 35155
6 35161
2 35163
1 35164
1 35165
6 35171
2 35173
1 35174
1 35175
6 35181
2 35183
1 35184
1 35185
6 35191
2 35193
1 35194
1 35195
6 35201
2 35203
1 35204
1 35205
6 35211
2 35213
1 35214
1 35215
6 35221
1 35222
1 35223
1 35224
1 35225
17 35242
17 35259
17 35276
1 35277
17 35294
17 35311
17 35328
1 35329
17 35346
17 35363
17 35380
1 35381
17 35398
17 35415
17 35432
1 35433
17 35450
17 35467
17 35484
1 35485
17 35502
17 35519
17 35536
1 35537
17 35554
17 35571
17 35588
1 35589
17 35606
17 35623
17 35640
1 35641
17 35658
17 35675
17 35692
1 35693
17 35710
17 35727
17 35744
1 35745
1 35746
2 35748
1 35749
1 35750
17 35767
17 35784
17 35801
6 35807
17 35824
17 35841
17 35858
6 35864
17 35881
17 35898
17 35915
6 35921
17 35938
17 35955
17 35972
6 35978
17 35995
17 36012
17 36029
6 36035
17 36052
17 36069
17 36086
6 36092
17 36109
17 36126
17 36143
6 36149
17 36166
17 36183
17 36200
6 36206
17 36223
17 36240
17 36257
6 36263
17 36280
17 36297
17 36314
6 36320
1 36321
2 36323
1 36324
1 36325
17 36342
17 36359
17 36376
6 36382
17 36399
17 36416
17 36433
6 36439
17 36456
17 36473
17 36490
6 36496
17 36513
17 36530
17 36547
6 36553
17 36570
17 36587
17 36604
6 36610
17 36627
17 36644
17 36661
6 36667
17 36684
17 36701
17 36718
6 36724
17 36741
17 36758
17 36775
6 36781
17 36798
17 36815
17 36832
6 36838
17 36855
17 36872
17 36889
6 36895
1 36896
2 36898
1 36899
1 36900
17 36917
17 36934
17 36951
6 36957
17 36974
17 36991
17 37008
6 37014
17 37031
17 37048
17 37065
6 37071
17 37088
17 37105
17 37122
6 37128
17 37145
17 37162
17 37179
6 37185
17 37202
17 37219
17 37236
6 37242
17 37259
17 37276
17 37293
6 37299
17 37316
17 37333
17 37350
6 37356
17 37373
17 37390
17 37407
6 37413
17 37430
17 37447
17 37464
6 37470
1 37471
2 37473
1 37474
1 37475
17 37492
17 37509
17 37526
6 37532
17 37549
17 37566
17 37583
6 37589
17 37606
17 37623
17 37640
6 37646
17 37663
17 37680
17 37697
6 37703
17 37720
17 37737
17 37754
6 37760
17 37777
17 37794
17 37811
6 37817
17 37834
17 37851
17 37868
6 37874
17 37891
17 37908
17 37925
6 37931
17 37948
17 37965
17 37982
6 37988
17 38005
17 38022
17 38039
6 38045
1 38046
2 38048
1 38049
1 38050
17 38067
17 38084
17 38101
6 38107
17 38124
17 38141
17 38158
6 38164
17 38181
17 38198
17 38215
6 38221
17 38238
17 38255
17 38272
6 38278
17 38295
17 38312
17 38329
6 38335
17 38352
17 38369
17 38386
6 38392
17 38409
17 38426
17 38443
6 38449
17 38466
17 38483
17 38500
6 38506
17 38523
17 38540
17 38557
6 38563
17 38580
17 38597
17 38614
6 38620
1 38621
2 38623
1 38624
1 38625
17 38642
17 38659
17 38676
6 38682
17 38699
17 38716
17 38733
6 38739
17 38756
17 38773
17 38790
6 38796
17 38813
17 38830
17 38847
6 38853
17 38870
17 38887
17 38904
6 38910
17 38927
17 38944
17 38961
6 38967
17 38984
17 39001
17 39018
6 39024
17 39041
17 39058
17 39075
6 39081
17 39098
17 39115
17 39132
6 39138
17 39155
17 39172
17 39189
6 39195
1 39196
2 39198
1 39199
1 39200
17 39217
17 39234
17 39251
6 39257
17 39274
17 39291
17 39308
6 39314
17 39331
17 39348
17 39365
6 39371
17 39388
17 39405
17 39422
6 39428
17 39445
17 39462
17 39479
6 39485
17 39502
17 39519
17 39536
6 39542
17 39559
17 39576
17 39593
6 39599
17 39616
17 39633
17 39650
6 39656
17 39673
17 39690
17 39707
6 39713
17 39730
17 39747
17 39764
6 39770
1 39771
2 39773
1 39774
1 39775
17 39792
17 39809
17 39826
6 39832
17 39849
17 39866
17 39883
6 39889
17 39906
17 39923
17 39940
6 39946
17 39963
17 39980
17 39997
6 40003
17 40020
17 40037
17 40054
6 40060
17 40077
17 40094
17 40111
6 40117
17 40134
17 40151
17 40168
6 40174
17 40191
17 40208
17 40225
6 40231
17 40248
17 40265
17 40282
6 40288
17 40305
17 40322
17 40339
6 40345
1 40346
2 40348
1 40349
1 40350
17 40367
17 40384
17 40401
6 40407
17 40424
17 40441
17 40458
6 40464
17 40481
17 40498
17 40515
6 40521
17 40538
17 40555
17 40572
6 40578
17 40595
17 40612
17 40629
6 40635
17 40652
17 40669
17 40686
6 40692
17 40709
17 40726
17 40743
6 40749
17 40766
17 40783
17 40800
6 40806
17 40823
17 40840
17 40857
6 40863
17 40880
17 40897
17 40914
6 40920
1 40921
2 40923
1 40924
1 40925
2 40927
1 40928
1 40929
6 40935
2 40937
1 40938
1 40939
6 40945
2 40947
1 40948
1 40949
6 40955
2 40957
1 40958
1 40959
6 40965
2 40967
1 40968
1 40969
6 40975
2 40977
1 40978
1 40979
6 40985
2 40987
1 40988
1 40989
6 40995
2 40997
1 40998
1 40999
6 41005
2 41007
1 41008
1 41009
6 41015
2 41017
1 41018
1 41019
6 41025
1 41026
1 41027
1 41028
1 41029
17 41046
17 41063
17 41080
1 41081
17 41098
17 41115
17 41132
1 41133
17 41150
17 41167
17 41184
1 41185
17 41202
17 41219
17 41236
1 41237
17 41254
17 41271
17 41288
1 41289
17 41306
17 41323
17 41340
1 41341
17 41358
17 41375
17 41392
1 41393
17 41410
17 41427
17 41444
1 41445
17 41462
17 41479
17 41496
1 41497
17 41514
17 41531
17 41548
1 41549
1 41550
2 41552
1 41553
1 41554
17 41571
17 41588
17 41605
6 41611
17 41628
17 41645
17 41662
6 41668
17 41685
17 41702
17 41719
6 41725
17 41742
17 41759
17 41776
6 41782
17 41799
17 41816
17 41833
6 41839
17 41856
17 41873
17 41890
6 41896
17 41913
17 41930
17 41947
6 41953
17 41970
17 41987
17 42004
6 42010
17 42027
17 42044
17 42061
6 42067
17 42084
17 42101
17 42118
6 42124
1 42125
2 42127
1 42128
1 42129
17 42146
17 42163
17 42180
6 42186
17 42203
17 42220
17 42237
6 42243
17 42260
17 42277
17 42294
6 42300
17 42317
17 42334
17 42351
6 42357
17 42374
17 42391
17 42408
6 42414
17 42431
17 42448
17 42465
6 42471
17 42488
17 42505
17 42522
6 42528
17 42545
17 42562
17 42579
6 42585
17 42602
17 42619
17 42636
6 42642
17 42659
17 42676
17 42693
6 42699
1 42700
2 42702
1 42703
1 42704
17 42721
17 42738
17 42755
6 42761
17 42778
17 42795
17 42812
6 42818
17 42835
17 42852
17 42869
6 42875
17 42892
17 42909
17 42926
6 42932
17 42949
17 42966
17 42983
6 42989
17 43006
17 43023
17 43040
6 43046
17 43063
17 43080
17 43097
6 43103
17 43120
17 43137
17 43154
6 43160
17 43177
17 43194
17 43211
6 43217
17 43234
17 43251
17 43268
6 43274
1 43275
2 43277
1 43278
1 43279
17 43296
17 43313
17 43330
6 43336
17 43353
17 43370
17 43387
6 43393
17 43410
17 43427
17 43444
6 43450
17 43467
17 43484
17 43501
6 43507
17 43524
17 43541
17 43558
6 43564
17 43581
17 43598
17 43615
6 43621
17 43638
17 43655
17 43672
6 43678
17 43695
17 43712
17 43729
6 43735
17 43752
17 43769
17 43786
6 43792
17 43809
17 43826
17 43843
6 43849
1 43850
2 43852
1 43853
1 43854
17 43871
17 43888
17 43905
6 43911
17 43928
17 43945
17 43962
6 43968
17 43985
17 44002
17 44019
6 44025
17 44042
17 44059
17 44076
6 44082
17 44099
17 44116
17 44133
6 44139
17 44156
17 44173
17 44190
6 44196
17 44213
17 44230
17 44247
6 44253
17 44270
17 44287
17 44304
6 44310
17 44327
17 44344
17 44361
6 44367
17 44384
17 44401
17 44418
6 44424
1 44425
2 44427
1 44428
1 44429
17 44446
17 44463
17 44480
6 44486
17 44503
17 44520
17 44537
6 44543
17 44560
17 44577
17 44594
6 44600
17 44617
17 44634
17 44651
6 44657
17 44674
17 44691
17 44708
6 44714
17 44731
17 44748
17 44765
6 44771
17 44788
17 44805
17 44822
6 44828
17 44845
17 44862
17 44879
6 44885
17 44902
17 44919
17 44936
6 44942
17 44959
17 44976
17 44993
6 44999
1 45000
2 45002
1 45003
1 45004
17 45021
17 45038
17 45055
6 45061
17 45078
17 45095
17 45112
6 45118
17 45135
17 45152
17 45169
6 45175
17 45192
17 45209
17 45226
6 45232
17 45249
17 45266
17 45283
6 45289
17 45306
17 45323
17 45340
6 45346
17 45363
17 45380
17 45397
6 45403
17 45420
17 45437
17 45454
6 45460
17 45477
17 45494
17 45511
6 45517
17 45534
17 45551
17 45568
6 45574
1 45575
2 45577
1 45578
1 45579
17 45596
17 45613
17 45630
6 45636
17 45653
17 45670
17 45687
6 45693
17 45710
17 45727
17 45744
6 45750
17 45767
17 45784
17 45801
6 45807
17 45824
17 45841
17 45858
6 45864
17 45881
17 45898
17 45915
6 45921
17 45938
17 45955
17 45972
6 45978
17 45995
17 46012
17 46029
6 46035
17 46052
17 46069
17 46086
6 46092
17 46109
17 46126
17 46143
6 46149
1 46150
2 46152
1 46153
1 46154
17 46171
17 46188
17 46205
6 46211
17 46228
17 46245
17 46262
6 46268
17 46285
17 46302
17 46319
6 46325
17 46342
17 46359
17 46376
6 46382
17 46399
17 46416
17 46433
6 46439
17 46456
17 46473
17 46490
6 46496
17 46513
17 46530
17 46547
6 46553
17 46570
17 46587
17 46604
6 46610
17 46627
17 46644
17 46661
6 46667
17 46684
17 46701
17 46718
6 46724
1 46725
2 46727
1 46728
1 46729
2 46731
1 46732
1 46733
6 46739
2 46741
1 46742
1 46743
6 46749
2 46751
1 46752
1 46753
6 46759
2 46761
1 46762
1 46763
6 46769
2 46771
1 46772
1 46773
6 46779
2 46781
1 46782
1 46783
6 46789
2 46791
1 46792
1 46793
6 46799
2 46801
1 46802
1 46803
6 46809
2 46811
1 46812
1 46813
6 46819
2 46821
1 46822
1 46823
6 46829
1 46830
1 46831
1 46832
1 46833
1 46834
1 46835
17 46852
1 46853
1 46854
1 46855
17 46872
1 46873
1 46874
1 46875
17 46892
1 46893
1 46894
1 46895
17 46912
1 46913
1 46914
1 46915
17 46932
1 46933
1 46934
1 46935
17 46952
1 46953
1 46954
1 46955
17 46972
1 46973
1 46974
1 46975
17 46992
1 46993
1 46994
1 46995
17 47012
1 47013
1 47014
1 47015
17 47032
1 47033
1 47034
1 47035
1 47036
1 47037
1 47038
1 47039
17 47056
6 47062
1 47063
1 47064
17 47081
6 47087
1 47088
1 47089
17 47106
6 47112
1 47113
1 47114
17 47131
6 47137
1 47138
1 47139
17 47156
6 47162
1 47163
1 47164
17 47181
6 47187
1 47188
1 47189
17 47206
6 47212
1 47213
1 47214
17 47231
6 47237
1 47238
1 47239
17 47256
6 47262
1 47263
1 47264
17 47281
6 47287
1 47288
1 47289
1 47290
1 47291
1 47292
1 47293
17 47310
6 47316
1 47317
1 47318
17 47335
6 47341
1 47342
1 47343
17 47360
6 47366
1 47367
1 47368
17 47385
6 47391
1 47392
1 47393
17 47410
6 47416
1 47417
1 47418
17 47435
6 47441
1 47442
1 47443
17 47460
6 47466
1 47467
1 47468
17 47485
6 47491
1 47492
1 47493
17 47510
6 47516
1 47517
1 47518
17 47535
6 47541
1 47542
1 47543
1 47544
1 47545
1 47546
1 47547
17 47564
6 47570
1 47571
1 47572
17 47589
6 47595
1 47596
1 47597
17 47614
6 47620
1 47621
1 47622
17 47639
6 47645
1 47646
1 47647
17 47664
6 47670
1 47671
1 47672
17 47689
6 47695
1 47696
1 47697
17 47714
6 47720
1 47721
1 47722
17 47739
6 47745
1 47746
1 47747
17 47764
6 47770
1 47771
1 47772
17 47789
6 47795
1 47796
1 47797
1 47798
1 47799
1 47800
1 47801
17 47818
6 47824
1 47825
1 47826
17 47843
6 47849
1 47850
1 47851
17 47868
6 47874
1 47875
1 47876
17 47893
6 47899
1 47900
1 47901
17 47918
6 47924
1 47925
1 47926
17 47943
6 47949
1 47950
1 47951
17 47968
6 47974
1 47975
1 47976
17 47993
6 47999
1 48000
1 48001
17 48018
6 48024
1 48025
1 48026
17 48043
6 48049
1 48050
1 48051
1 48052
1 48053
1 48054
1 48055
17 48072
6 48078
1 48079
1 48080
17 48097
6 48103
1 48104
1 48105
17 48122
6 48128
1 48129
1 48130
17 48147
6 48153
1 48154
1 48155
17 48172
6 48178
1 48179
1 48180
17 48197
6 48203
1 48204
1 48205
17 48222
6 48228
1 48229
1 48230
17 48247
6 48253
1 48254
1 48255
17 48272
6 48278
1 48279
1 48280
17 48297
6 48303
1 48304
1 48305
1 48306
1 48307
1 48308
1 48309
17 48326
6 48332
1 48333
1 48334
17 48351
6 48357
1 48358
1 48359
17 48376
6 48382
1 48383
1 48384
17 48401
6 48407
1 48408
1 48409
17 48426
6 48432
1 48433
1 48434
17 48451
6 48457
1 48458
1 48459
17 48476
6 48482
1 48483
1 48484
17 48501
6 48507
1 48508
1 48509
17 48526
6 48532
1 48533
1 48534
17 48551
6 48557
1 48558
1 48559
1 48560
1 48561
1 48562
1 48563
17 48580
6 48586
1 48587
1 48588
17 48605
6 48611
1 48612
1 48613
17 48630
6 48636
1 48637
1 48638
17 48655
6 48661
1 48662
1 48663
17 48680
6 48686
1 48687
1 48688
17 48705
6 48711
1 48712
1 48713
17 48730
6 48736
1 48737
1 48738
17 48755
6 48761
1 48762
1 48763
17 48780
6 48786
1 48787
1 48788
17 48805
6 48811
1 48812
1 48813
1 48814
1 48815
1 48816
1 48817
17 48834
6 48840
1 48841
1 48842
17 48859
6 48865
1 48866
1 48867
17 48884
6 48890
1 48891
1 48892
17 48909
6 48915
1 48916
1 48917
17 48934
6 48940
1 48941
1 48942
17 48959
6 48965
1 48966
1 48967
17 48984
6 48990
1 48991
1 48992
17 49009
6 49015
1 49016
1 49017
17 49034
6 49040
1 49041
1 49042
17 49059
6 49065
1 49066
1 49067
1 49068
1 49069
1 49070
1 49071
17 49088
6 49094
1 49095
1 49096
17 49113
6 49119
1 49120
1 49121
17 49138
6 49144
1 49145
1 49146
17 49163
6 49169
1 49170
1 49171
17 49188
6 49194
1 49195
1 49196
17 49213
6 49219
1 49220
1 49221
17 49238
6 49244
1 49245
1 49246
17 49263
6 49269
1 49270
1 49271
17 49288
6 49294
1 49295
1 49296
17 49313
6 49319
1 49320
1 49321
1 49322
1 49323
1 49324
1 49325
1 49326
6 49332
1 49333
1 49334
1 49335
6 49341
1 49342
1 49343
1 49344
6 49350
1 49351
1 49352
1 49353
6 49359
1 49360
1 49361
1 49362
6 49368
1 49369
1 49370
1 49371
6 49377
1 49378
1 49379
1 49380
6 49386
1 49387
1 49388
1 49389
6 49395
1 49396
1 49397
1 49398
6 49404
1 49405
1 49406
1 49407
6 49413
1 49414
1 49415
1 49416
1 49417
1 49418
1 49419
1 49420
1 49421
1 49422
1 49423
1 49424
1 49425
1 49426
1 49427
1 49428
1 49429
1 49430
1 49431
1 49432
1 49433
1 49434
1 49435
1 49436
1 49437
1 49438
1 49439
1 49440
1 49441
1 49442
1 49443
1 49444
1 49445
1 49446
1 49447
1 49448
1 49449
1 49450
1 49451
1 49452
1 49453
1 49454
1 49455
1 49456
1 49457
1 49458
1 49459
1 49460
1 49461
1 49462
1 49463
1 49464
2 49466
1 49467
1 49468
1 49469
6 49475
1 49476
1 49477
1 49478
6 49484
1 49485
1 49486
1 49487
6 49493
1 49494
1 49495
1 49496
6 49502
1 49503
1 49504
1 49505
6 49511
1 49512
1 49513
1 49514
6 49520
1 49521
1 49522
1 49523
6 49529
1 49530
1 49531
1 49532
6 49538
1 49539
1 49540
1 49541
2 49543
1 49544
1 49545
1 49546
1 49547
1 49548
1 49549
1 49550
2 49552
1 49553
1 49554
1 49555
6 49561
1 49562
1 49563
1 49564
6 49570
1 49571
1 49572
1 49573
6 49579
1 49580
1 49581
1 49582
6 49588
1 49589
1 49590
1 49591
6 49597
1 49598
1 49599
1 49600
6 49606
1 49607
1 49608
1 49609
6 49615
1 49616
1 49617
1 49618
6 49624
1 49625
1 49626
1 49627
2 49629
1 49630
1 49631
1 49632
1 49633
1 49634
1 49635
1 49636
2 49638
1 49639
1 49640
1 49641
6 49647
1 49648
1 49649
1 49650
6 49656
1 49657
1 49658
1 49659
6 49665
1 49666
1 49667
1 49668
6 49674
1 49675
1 49676
1 49677
6 49683
1 49684
1 49685
1 49686
6 49692
1 49693
1 49694
1 49695
6 49701
1 49702
1 49703
1 49704
6 49710
1 49711
1 49712
1 49713
2 49715
1 49716
1 49717
1 49718
1 49719
1 49720
1 49721
1 49722
2 49724
1 49725
1 49726
1 49727
6 49733
1 49734
1 49735
1 49736
6 49742
1 49743
1 49744
1 49745
6 49751
1 49752
1 49753
1 49754
6 49760
1 49761
1 49762
1 49763
6 49769
1 49770
1 49771
1 49772
6 49778
1 49779
1 49780
1 49781
6 49787
1 49788
1 49789
1 49790
6 49796
1 49797
1 49798
1 49799
2 49801
1 49802
1 49803
1 49804
1 49805
1 49806
1 49807
1 49808
2 49810
1 49811
1 49812
1 49813
6 49819
1 49820
1 49821
1 49822
6 49828
1 49829
1 49830
1 49831
6 49837
1 49838
1 49839
1 49840
6 49846
1 49847
1 49848
1 49849
6 49855
1 49856
1 49857
1 49858
6 49864
1 49865
1 49866
1 49867
6 49873
1 49874
1 49875
1 49876
6 49882
1 49883
1 49884
1 49885
2 49887
1 49888
1 49889
1 49890
1 49891
1 49892
1 49893
1 49894
2 49896
1 49897
1 49898
1 49899
6 49905
1 49906
1 49907
1 49908
6 49914
1 49915
1 49916
1 49917
6 49923
1 49924
1 49925
1 49926
6 49932
1 49933
1 49934
1 49935
6 49941
1 49942
1 49943
1 49944
6 49950
1 49951
1 49952
1 49953
6 49959
1 49960
1 49961
1 49962
6 49968
1 49969
1 49970
1 49971
2 49973
1 49974
1 49975
1 49976
1 49977
1 49978
1 49979
1 49980
2 49982
1 49983
1 49984
1 49985
6 49991
1 49992
1 49993
1 49994
6 50000
1 50001
1 50002
1 50003
6 50009
1 50010
1 50011
1 50012
6 50018
1 50019
1 50020
1 50021
6 50027
1 50028
1 50029
1 50030
6 50036
1 50037
1 50038
1 50039
6 50045
1 50046
1 50047
1 50048
6 50054
1 50055
1 50056
1 50057
2 50059
1 50060
1 50061
1 50062
1 50063
1 50064
1 50065
1 50066
2 50068
1 50069
1 50070
1 50071
6 50077
1 50078
1 50079
1 50080
6 50086
1 50087
1 50088
1 50089
6 50095
1 50096
1 50097
1 50098
6 50104
1 50105
1 50106
1 50107
6 50113
1 50114
1 50115
1 50116
6 50122
1 50123
1 50124
1 50125
6 50131
1 50132
1 50133
1 50134
6 50140
1 50141
1 50142
1 50143
2 50145
1 50146
1 50147
1 50148
1 50149
1 50150
1 50151
1 50152
2 50154
1 50155
1 50156
1 50157
6 50163
1 50164
1 50165
1 50166
6 50172
1 50173
1 50174
1 50175
6 50181
1 50182
1 50183
1 50184
6 50190
1 50191
1 50192
1 50193
6 50199
1 50200
1 50201
1 50202
6 50208
1 50209
1 50210
1 50211
6 50217
1 50218
1 50219
1 50220
6 50226
1 50227
1 50228
1 50229
2 50231
1 50232
1 50233
1 50234
1 50235
1 50236
1 50237
1 50238
2 50240
1 50241
1 50242
1 50243
6 50249
1 50250
1 50251
1 50252
6 50258
1 50259
1 50260
1 50261
6 50267
1 50268
1 50269
1 50270
6 50276
1 50277
1 50278
1 50279
6 50285
1 50286
1 50287
1 50288
6 50294
1 50295
1 50296
1 50297
6 50303
1 50304
1 50305
1 50306
6 50312
1 50313
1 50314
1 50315
2 50317
1 50318
1 50319
1 50320
